0	1.71
3600	1.66
7200	1.61
10800	1.28
14400	0.99
18000	0.81
21600	0.82
25200	1.06
28800	1.44
32400	1.84
36000	2.18
39600	2.37
43200	2.33
46800	2.09
50400	1.75
54000	1.43
57600	1.16
61200	0.98
64800	0.96
68400	1.15
72000	1.53
75600	1.96
79200	2.36
82800	2.61
86400	2.64
90000	2.4
93600	2
97200	1.58
100800	1.21
104400	0.89
108000	0.7
111600	0.75
115200	1.06
118800	1.52
122400	1.99
126000	2.37
129600	2.56
133200	2.46
136800	2.12
140400	1.7
144000	1.33
147600	1.03
151200	0.84
154800	0.84
158400	1.11
162000	1.58
165600	2.08
169200	2.51
172800	2.76
176400	2.73
180000	2.4
183600	1.92
187200	1.46
190800	1.07
194400	0.76
198000	0.61
201600	0.76
205200	1.18
208800	1.72
212400	2.23
216000	2.6
219600	2.72
223200	2.5
226800	2.05
230400	1.56
234000	1.16
237600	0.86
241200	0.71
244800	0.8
248400	1.19
252000	1.73
255600	2.27
259200	2.7
262800	2.89
266400	2.74
270000	2.29
273600	1.75
277200	1.28
280800	0.91
284400	0.63
288000	0.59
291600	0.89
295200	1.43
298800	2.01
302400	2.5
306000	2.81
309600	2.79
313200	2.42
316800	1.87
320400	1.37
324000	0.98
327600	0.71
331200	0.63
334800	0.87
338400	1.37
342000	1.97
345600	2.5
349200	2.86
352800	2.92
356400	2.62
360000	2.08
363600	1.52
367200	1.08
370800	0.74
374400	0.56
378000	0.68
381600	1.14
385200	1.75
388800	2.32
392400	2.75
396000	2.92
399600	2.73
403200	2.23
406800	1.64
410400	1.16
414000	0.8
417600	0.6
421200	0.66
424800	1.04
428400	1.63
432000	2.22
435600	2.69
439200	2.94
442800	2.84
446400	2.4
450000	1.81
453600	1.29
457200	0.89
460800	0.62
464400	0.59
468000	0.9
471600	1.46
475200	2.08
478800	2.59
482400	2.91
486000	2.91
489600	2.56
493200	1.97
496800	1.41
500400	0.97
504000	0.67
507600	0.58
511200	0.8
514800	1.3
518400	1.9
522000	2.44
525600	2.8
529200	2.9
532800	2.64
536400	2.11
540000	1.53
543600	1.07
547200	0.73
550800	0.58
554400	0.74
558000	1.2
561600	1.81
565200	2.37
568800	2.77
572400	2.94
576000	2.77
579600	2.3
583200	1.71
586800	1.2
590400	0.82
594000	0.61
597600	0.67
601200	1.03
604800	1.58
608400	2.13
612000	2.57
615600	2.81
619200	2.74
622800	2.35
626400	1.8
630000	1.28
633600	0.89
637200	0.66
640800	0.66
644400	0.99
648000	1.53
651600	2.1
655200	2.57
658800	2.84
662400	2.85
666000	2.54
669600	2.01
673200	1.47
676800	1.03
680400	0.73
684000	0.64
687600	0.85
691200	1.29
694800	1.81
698400	2.28
702000	2.61
705600	2.7
709200	2.5
712800	2.04
716400	1.53
720000	1.1
723600	0.8
727200	0.69
730800	0.85
734400	1.28
738000	1.82
741600	2.31
745200	2.66
748800	2.8
752400	2.66
756000	2.27
759600	1.76
763200	1.29
766800	0.93
770400	0.73
774000	0.76
777600	1.07
781200	1.51
784800	1.96
788400	2.33
792000	2.54
795600	2.51
799200	2.21
802800	1.76
806400	1.33
810000	1
813600	0.8
817200	0.81
820800	1.09
824400	1.55
828000	2.02
831600	2.41
835200	2.64
838800	2.67
842400	2.43
846000	2.02
849600	1.57
853200	1.18
856800	0.9
860400	0.8
864000	0.93
867600	1.26
871200	1.65
874800	2.02
878400	2.3
882000	2.41
885600	2.28
889200	1.96
892800	1.57
896400	1.22
900000	0.99
903600	0.89
907200	1
910800	1.31
914400	1.73
918000	2.12
921600	2.41
925200	2.55
928800	2.49
932400	2.22
936000	1.83
939600	1.45
943200	1.14
946800	0.95
950400	0.92
954000	1.09
957600	1.38
961200	1.71
964800	2
968400	2.2
972000	2.24
975600	2.08
979200	1.79
982800	1.47
986400	1.21
990000	1.05
993600	1.03
997200	1.17
1000800	1.46
1004400	1.81
1008000	2.12
1011600	2.35
1015200	2.43
1018800	2.33
1022400	2.07
1026000	1.74
1029600	1.42
1033200	1.17
1036800	1.03
1040400	1.04
1044000	1.19
1047600	1.43
1051200	1.69
1054800	1.94
1058400	2.09
1062000	2.1
1065600	1.96
1069200	1.72
1072800	1.47
1076400	1.28
1080000	1.16
1083600	1.15
1087200	1.28
1090800	1.51
1094400	1.8
1098000	2.06
1101600	2.25
1105200	2.32
1108800	2.23
1112400	2.01
1116000	1.73
1119600	1.45
1123200	1.24
1126800	1.11
1130400	1.1
1134000	1.21
1137600	1.4
1141200	1.63
1144800	1.86
1148400	2.01
1152000	2.04
1155600	1.94
1159200	1.76
1162800	1.55
1166400	1.37
1170000	1.25
1173600	1.21
1177200	1.29
1180800	1.48
1184400	1.73
1188000	1.98
1191600	2.18
1195200	2.28
1198800	2.23
1202400	2.05
1206000	1.79
1209600	1.52
1213200	1.29
1216800	1.14
1220400	1.09
1224000	1.15
1227600	1.32
1231200	1.56
1234800	1.82
1238400	2.01
1242000	2.08
1245600	2.04
1249200	1.88
1252800	1.66
1256400	1.45
1260000	1.28
1263600	1.19
1267200	1.22
1270800	1.38
1274400	1.64
1278000	1.93
1281600	2.18
1285200	2.33
1288800	2.32
1292400	2.16
1296000	1.88
1299600	1.56
1303200	1.29
1306800	1.1
1310400	1.01
1314000	1.05
1317600	1.23
1321200	1.52
1324800	1.85
1328400	2.1
1332000	2.23
1335600	2.21
1339200	2.02
1342800	1.74
1346400	1.45
1350000	1.22
1353600	1.09
1357200	1.1
1360800	1.26
1364400	1.57
1368000	1.95
1371600	2.28
1375200	2.48
1378800	2.49
1382400	2.3
1386000	1.94
1389600	1.55
1393200	1.21
1396800	0.98
1400400	0.87
1404000	0.92
1407600	1.16
1411200	1.55
1414800	1.97
1418400	2.3
1422000	2.46
1425600	2.4
1429200	2.14
1432800	1.75
1436400	1.38
1440000	1.1
1443600	0.94
1447200	0.95
1450800	1.16
1454400	1.57
1458000	2.05
1461600	2.46
1465200	2.69
1468800	2.68
1472400	2.41
1476000	1.95
1479600	1.46
1483200	1.08
1486800	0.83
1490400	0.71
1494000	0.8
1497600	1.16
1501200	1.68
1504800	2.19
1508400	2.56
1512000	2.7
1515600	2.57
1519200	2.18
1522800	1.68
1526400	1.24
1530000	0.93
1533600	0.77
1537200	0.8
1540800	1.11
1544400	1.65
1548000	2.23
1551600	2.69
1555200	2.92
1558800	2.85
1562400	2.45
1566000	1.87
1569600	1.32
1573200	0.92
1576800	0.66
1580400	0.56
1584000	0.75
1587600	1.25
1591200	1.9
1594800	2.46
1598400	2.83
1602000	2.92
1605600	2.67
1609200	2.13
1612800	1.53
1616400	1.06
1620000	0.75
1623600	0.6
1627200	0.7
1630800	1.13
1634400	1.79
1638000	2.44
1641600	2.91
1645200	3.1
1648800	2.93
1652400	2.41
1656000	1.73
1659600	1.16
1663200	0.76
1666800	0.51
1670400	0.47
1674000	0.8
1677600	1.44
1681200	2.16
1684800	2.74
1688400	3.06
1692000	3.06
1695600	2.66
1699200	2
1702800	1.36
1706400	0.89
1710000	0.58
1713600	0.46
1717200	0.66
1720800	1.22
1724400	1.97
1728000	2.63
1731600	3.08
1735200	3.2
1738800	2.91
1742400	2.28
1746000	1.57
1749600	1.01
1753200	0.62
1756800	0.4
1760400	0.47
1764000	0.94
1767600	1.68
1771200	2.42
1774800	2.96
1778400	3.22
1782000	3.09
1785600	2.56
1789200	1.84
1792800	1.21
1796400	0.75
1800000	0.45
1803600	0.39
1807200	0.7
1810800	1.35
1814400	2.12
1818000	2.76
1821600	3.15
1825200	3.19
1828800	2.8
1832400	2.1
1836000	1.41
1839600	0.89
1843200	0.54
1846800	0.39
1850400	0.58
1854000	1.16
1857600	1.93
1861200	2.62
1864800	3.1
1868400	3.27
1872000	3.02
1875600	2.42
1879200	1.69
1882800	1.09
1886400	0.66
1890000	0.39
1893600	0.4
1897200	0.8
1900800	1.48
1904400	2.21
1908000	2.8
1911600	3.12
1915200	3.07
1918800	2.61
1922400	1.92
1926000	1.29
1929600	0.83
1933200	0.53
1936800	0.47
1940400	0.76
1944000	1.38
1947600	2.11
1951200	2.74
1954800	3.14
1958400	3.21
1962000	2.89
1965600	2.26
1969200	1.58
1972800	1.03
1976400	0.63
1980000	0.41
1983600	0.5
1987200	0.92
1990800	1.56
1994400	2.22
1998000	2.74
2001600	2.99
2005200	2.87
2008800	2.39
2012400	1.77
2016000	1.22
2019600	0.82
2023200	0.6
2026800	0.63
2030400	0.97
2034000	1.56
2037600	2.21
2041200	2.75
2044800	3.07
2048400	3.08
2052000	2.73
2055600	2.14
2059200	1.53
2062800	1.03
2066400	0.68
2070000	0.52
2073600	0.63
2077200	1.02
2080800	1.58
2084400	2.16
2088000	2.6
2091600	2.79
2095200	2.64
2098800	2.2
2102400	1.67
2106000	1.21
2109600	0.89
2113200	0.73
2116800	0.81
2120400	1.14
2124000	1.66
2127600	2.22
2131200	2.68
2134800	2.94
2138400	2.91
2142000	2.58
2145600	2.07
2149200	1.54
2152800	1.1
2156400	0.79
2160000	0.66
2163600	0.75
2167200	1.07
2170800	1.55
2174400	2.05
2178000	2.43
2181600	2.57
2185200	2.43
2188800	2.07
2192400	1.64
2196000	1.26
2199600	1
2203200	0.89
2206800	0.97
2210400	1.24
2214000	1.67
2217600	2.15
2221200	2.55
2224800	2.76
2228400	2.74
2232000	2.47
2235600	2.04
2239200	1.59
2242800	1.2
2246400	0.93
2250000	0.8
2253600	0.84
2257200	1.09
2260800	1.49
2264400	1.92
2268000	2.24
2271600	2.38
2275200	2.29
2278800	2.02
2282400	1.67
2286000	1.35
2289600	1.13
2293200	1.03
2296800	1.07
2300400	1.27
2304000	1.62
2307600	2.04
2311200	2.39
2314800	2.6
2318400	2.61
2322000	2.41
2325600	2.06
2329200	1.66
2332800	1.31
2336400	1.05
2340000	0.89
2343600	0.88
2347200	1.07
2350800	1.41
2354400	1.8
2358000	2.11
2361600	2.26
2365200	2.24
2368800	2.04
2372400	1.74
2376000	1.45
2379600	1.24
2383200	1.11
2386800	1.1
2390400	1.24
2394000	1.54
2397600	1.92
2401200	2.26
2404800	2.49
2408400	2.55
2412000	2.41
2415600	2.1
2419200	1.73
2422800	1.39
2426400	1.12
2430000	0.93
2433600	0.88
2437200	1.04
2440800	1.36
2444400	1.73
2448000	2.05
2451600	2.25
2455200	2.27
2458800	2.11
2462400	1.82
2466000	1.53
2469600	1.28
2473200	1.12
2476800	1.07
2480400	1.17
2484000	1.45
2487600	1.82
2491200	2.18
2494800	2.44
2498400	2.54
2502000	2.43
2505600	2.13
2509200	1.76
2512800	1.41
2516400	1.12
2520000	0.92
2523600	0.86
2527200	1.01
2530800	1.35
2534400	1.74
2538000	2.09
2541600	2.32
2545200	2.36
2548800	2.19
2552400	1.87
2556000	1.54
2559600	1.26
2563200	1.07
2566800	1
2570400	1.1
2574000	1.39
2577600	1.79
2581200	2.18
2584800	2.46
2588400	2.58
2592000	2.45
2595600	2.13
2599200	1.73
2602800	1.36
2606400	1.07
2610000	0.86
2613600	0.83
2617200	1.03
2620800	1.41
2624400	1.84
2628000	2.22
2631600	2.46
2635200	2.47
2638800	2.24
2642400	1.86
2646000	1.49
2649600	1.19
2653200	0.99
2656800	0.92
2660400	1.06
2664000	1.4
2667600	1.84
2671200	2.25
2678400	2.54
